1
1
4
1
4
6
1
1
5
1
1
5
1
1
6
1
1
6
1
1
2
4
2
4
2
5
2
5
5
6
2
3
6
3
4
3
4
3
4
3
3
5
3
5
3
5
3
6
1
1
1
1
1
1
1
4
1
1
4
1
1
1
1
4
1
1
1
1
1
1
4
1
1
1
1
1
1
1
4
1
1
1
1
4
1
1
4
1
1
1
4
1
1
5
1
1
1
1
5
1
1
1
5
5
1
1
5
1
1
1
5
1
1
5
1
1
1
1
5
5
1
1
1
1
5
1
1
1
1
6
6
1
1
6
6
1
1
1
6
1
1
1
6
6
1
1
1
1
6
6
1
1
1
6
1
1
1
6
6
1
1
6
2
4
2
4
2
2
4
2
4
2
4
2
4
2
4
2
2
4
2
5
2
5
2
2
5
2
5
5
2
5
2
5
2
5
2
2
2
5
2
6
2
2
6
6
2
6
6
6
2
6
6
2
6
6
2
6
6
2
6
2
2
6
3
4
3
4
3
6
3
4
3
3
5
3
4
3
4
3
3
4
3
5
3
3
5
3
5
3
3
5
3
3
3
5
3
5
5
3
5
3
5
5
3
6
4
3
4
3
6
6
3
3
6
3
6
6
3
3
6
4
3
6
6
3
3
6
